
10,0526 0
10,0526 0
10,0576 0
10,0526 0
10,0576 0
10,0526 0
10,0526 0

0,001 0
0,001 0
0,004 0
0,00102 0
0,002 0
0,001 0
0,001 0

0,002 0
0,002 0
0,0072 0
0,0022 0
0,0072 0
0,002 0
0,002 0

0,001 0
0,001 0
0,004 0
0,001025 0
0,002 0
0,001 0
0,001 0

5,0024 0
5,0024 0
5,0047 0
5,004225 0
5,0052 0
5,0024 0
5,0024 0

0,0016 0
0,0016 0
0,004 0
0,00303 0
0,0035 0
0,0016 0
0,0016 0

5,0022 0
5,0022 0
5,0026 0
5,00263 0
5,0027 0
5,0022 0
5,0022 0

10,0514 0
10,0514 0
10,05189 0
10,05184 0
10,0518 0
10,0514 0
10,0514 0

5,0522 0
5,0522 0
5,0528 0
5,05284 0
5,05289 0
5,0522 0
5,0522 0

5,0518 0
5,0518 0
5,05248 0
5,05245 0
5,0524 0
5,0518 0
5,0518 0

5,0514 0
5,0514 0
5,0514 0
5,05145 0
5,05148 0
5,0514 0
5,0514 0

5,0004 0
5,0004 0
5,00147 0
5,00146 0
5,0014 0
5,0004 0
5,0004 0

5,0512 0
5,0512 0
5,0516 0
5,05166 0
5,05167 0
5,0512 0
5,0512 0

0,0016 0
0,0016 0
0,00285 0
0,00287 0
0,0028 0
0,0016 0
0,0016 0

0,052 0
0,052 0
0,0526 0
0,05268 0
0,05265 0
0,052 0
0,052 0

0,0026 0
0,0026 0
0,00264 0
0,00268 0
0,0026 0
0,0026 0
0,0026 0

5,0018 0
5,0018 0
5,0024 0
5,00249 0
5,00244 0
5,0018 0
5,0018 0

5,051 0
5,051 0
5,05123 0
5,05129 0
5,0512 0
5,051 0
5,051 0

5,0524 0
5,0524 0
5,053 0
5,0531 0
5,05303 0
5,0524 0
5,0524 0

10,0014 0
10,0014 0
10,00182 0
10,0019 0
10,0018 0
10,0014 0
10,0014 0

5,052 0
5,052 0
5,052 0
5,052 0
5,052 0
5,052 0
5,052 0

5,0522 0
5,0522 0
5,0522 0
5,0522 0
5,0522 0
5,0522 0
5,0522 0

0,053 0
0,053 0
0,053 0
0,053 0
0,053 0
0,053 0
0,053 0

10,0518 0
10,0518 0
10,0518 0
10,0518 0
10,0518 0
10,0518 0
10,0518 0

0,052 0
0,052 0
0,052 0
0,052 0
0,052 0
0,052 0
0,052 0

10,0012 0
10,0012 0
10,0012 0
10,0012 0
10,0012 0
10,0012 0
10,0012 0

0,0016 0
0,0016 0
0,0016 0
0,0016 0
0,0016 0
0,0016 0
0,0016 0

10,0512 0
10,0512 0
10,0512 0
10,0512 0
10,0512 0
10,0512 0
10,0512 0

0,0026 0
0,0026 0
0,0026 0
0,0026 0
0,0026 0
0,0026 0
0,0026 0

10,0516 0
10,0516 0
10,0516 0
10,0516 0
10,0516 0
10,0516 0
10,0516 0

5,0022 0
5,0022 0
5,0022 0
5,0022 0
5,0022 0
5,0022 0
5,0022 0

5,0018 0
5,0018 0
5,0018 0
5,0018 0
5,0018 0
5,0018 0
5,0018 0

5,0518 0
5,0518 0
5,0518 0
5,0518 0
5,0518 0
5,0518 0
5,0518 0

10,0008 0
10,0008 0
10,0008 0
10,0008 0
10,0008 0
10,0008 0
10,0008 0

5,0028 0
5,0028 0
5,0028 0
5,0028 0
5,0028 0
5,0028 0
5,0028 0

10,001 0
10,001 0
10,001 0
10,001 0
10,001 0
10,001 0
10,001 0

10,0522 0
10,0522 0
10,0522 0
10,0522 0
10,0522 0
10,0522 0
10,0522 0

5,0014 0
5,0014 0
5,0014 0
5,0014 0
5,0014 0
5,0014 0
5,0014 0

5,0026 0
5,0026 0
5,0026 0
5,0026 0
5,0026 0
5,0026 0
5,0026 0

5,002 0
5,002 0
5,002 0
5,002 0
5,002 0
5,002 0
5,002 0

5,0018 0
5,0018 0
5,0018 0
5,0018 0
5,0018 0
5,0018 0
5,0018 0

5,0518 0
5,0518 0
5,0518 0
5,0518 0
5,0518 0
5,0518 0
5,0518 0

0,0516 0
0,0516 0
0,0516 0
0,0516 0
0,0516 0
0,0516 0
0,0516 0

5,0528 0
5,0528 0
5,0528 0
5,0528 0
5,0528 0
5,0528 0
5,0528 0

5,0516 0
5,0516 0
5,0516 0
5,0516 0
5,0516 0
5,0516 0
5,0516 0

5,0016 0
5,0016 0
5,0016 0
5,0016 0
5,0016 0
5,0016 0
5,0016 0

0,052 0
0,052 0
0,052 0
0,052 0
0,052 0
0,052 0
0,052 0

0,0014 0
0,0014 0
0,0014 0
0,0014 0
0,0014 0
0,0014 0
0,0014 0

0,0016 0
0,0016 0
0,0016 0
0,0016 0
0,0016 0
0,0016 0
0,0016 0

0,0006 0
0,0006 0
0,0006 0
0,0006 0
0,0006 0
0,0006 0
0,0006 0

5,0022 0
5,0022 0
5,0022 0
5,0022 0
5,0022 0
5,0022 0
5,0022 0

5,002 0
5,002 0
5,002 0
5,002 0
5,002 0
5,002 0
5,002 0

0,0522 0
0,0522 0
0,0522 0
0,0522 0
0,0522 0
0,0522 0
0,0522 0

10,0506 0
10,0506 0
10,0506 0
10,0506 0
10,0506 0
10,0506 0
10,0506 0

5,0524 0
5,0524 0
5,0524 0
5,0524 0
5,0524 0
5,0524 0
5,0524 0

10,0006 0
10,0006 0
10,0006 0
10,0006 0
10,0006 0
10,0006 0
10,0006 0

5,0018 0
5,0018 0
5,0018 0
5,0018 0
5,0018 0
5,0018 0
5,0018 0

10,0012 0
10,0012 0
10,0012 0
10,0012 0
10,0012 0
10,0012 0
10,0012 0

0,0024 0
0,0024 0
0,0024 0
0,0024 0
0,0024 0
0,0024 0
0,0024 0

10,001 0
10,001 0
10,001 0
10,001 0
10,001 0
10,001 0
10,001 0

0,0524 0
0,0524 0
0,0524 0
0,0524 0
0,0524 0
0,0524 0
0,0524 0

10,0004 0
10,0004 0
10,0004 0
10,0004 0
10,0004 0
10,0004 0
10,0004 0

5,003 0
5,003 0
5,003 0
5,003 0
5,003 0
5,003 0
5,003 0

5,0008 0
5,0008 0
5,0008 0
5,0008 0
5,0008 0
5,0008 0
5,0008 0

5,0022 0
5,0022 0
5,0022 0
5,0022 0
5,0022 0
5,0022 0
5,0022 0

10,001 0
10,001 0
10,001 0
10,001 0
10,001 0
10,001 0
10,001 0

0,0018 0
0,0018 0
0,0018 0
0,0018 0
0,0018 0
0,0018 0
0,0018 0

10,0014 0
10,0014 0
10,0014 0
10,0014 0
10,0014 0
10,0014 0
10,0014 0

5,0526 0
5,0526 0
5,0526 0
5,0526 0
5,0526 0
5,0526 0
5,0526 0

10,0506 0
10,0506 0
10,0506 0
10,0506 0
10,0506 0
10,0506 0
10,0506 0

5,0016 0
5,0016 0
5,0016 0
5,0016 0
5,0016 0
5,0016 0
5,0016 0

10,0512 0
10,0512 0
10,0512 0
10,0512 0
10,0512 0
10,0512 0
10,0512 0

5,0014 0
5,0014 0
5,0014 0
5,0014 0
5,0014 0
5,0014 0
5,0014 0

10,0012 0
10,0012 0
10,0012 0
10,0012 0
10,0012 0
10,0012 0
10,0012 0

5,0012 0
5,0012 0
5,0012 0
5,0012 0
5,0012 0
5,0012 0
5,0012 0

10,0018 0
10,0018 0
10,0018 0
10,0018 0
10,0018 0
10,0018 0
10,0018 0

5,0014 0
5,0014 0
5,0014 0
5,0014 0
5,0014 0
5,0014 0
5,0014 0

10,0006 0
10,0006 0
10,0006 0
10,0006 0
10,0006 0
10,0006 0
10,0006 0

10,0014 0
10,0014 0
10,0014 0
10,0014 0
10,0014 0
10,0014 0
10,0014 0

0,0016 0
0,0016 0
0,0016 0
0,0016 0
0,0016 0
0,0016 0
0,0016 0

5,0026 0
5,0026 0
5,0026 0
5,0026 0
5,0026 0
5,0026 0
5,0026 0

5,0012 0
5,0012 0
5,0012 0
5,0012 0
5,0012 0
5,0012 0
5,0012 0

0,0518 0
0,0518 0
0,0518 0
0,0518 0
0,0518 0
0,0518 0
0,0518 0

10,0512 0
10,0512 0
10,0512 0
10,0512 0
10,0512 0
10,0512 0
10,0512 0

5,0522 0
5,0522 0
5,0522 0
5,0522 0
5,0522 0
5,0522 0
5,0522 0

0,051 0
0,051 0
0,051 0
0,051 0
0,051 0
0,051 0
0,051 0

5,0522 0
5,0522 0
5,0522 0
5,0522 0
5,0522 0
5,0522 0
5,0522 0

0,001 0
0,001 0
0,001 0
0,001 0
0,001 0
0,001 0
0,001 0

0,0518 0
0,0518 0
0,0518 0
0,0518 0
0,0518 0
0,0518 0
0,0518 0

0,002 0
0,002 0
0,002 0
0,002 0
0,002 0
0,002 0
0,002 0

5,0512 0
5,0512 0
5,0512 0
5,0512 0
5,0512 0
5,0512 0
5,0512 0

5,0024 0
5,0024 0
5,0024 0
5,0024 0
5,0024 0
5,0024 0
5,0024 0

10,0508 0
10,0508 0
10,0508 0
10,0508 0
10,0508 0
10,0508 0
10,0508 0

0,002 0
0,002 0
0,002 0
0,002 0
0,002 0
0,002 0
0,002 0

5,0526 0
5,0526 0
5,0526 0
5,0526 0
5,0526 0
5,0526 0
5,0526 0

0,0014 0
0,0014 0
0,0014 0
0,0014 0
0,0014 0
0,0014 0
0,0014 0

5,0522 0
5,0522 0
5,0522 0
5,0522 0
5,0522 0
5,0522 0
5,0522 0

0,0016 0
0,0016 0
0,0016 0
0,0016 0
0,0016 0
0,0016 0
0,0016 0

0,1014 0
0,1014 0
0,1014 0
0,1014 0
0,1014 0
0,1014 0
0,1014 0

0,0016 0
0,0016 0
0,0016 0
0,0016 0
0,0016 0
0,0016 0
0,0016 0

10,0516 0
10,0516 0
10,0516 0
10,0516 0
10,0516 0
10,0516 0
10,0516 0

5,0014 0
5,0014 0
5,0014 0
5,0014 0
5,0014 0
5,0014 0
5,0014 0

5,0022 0
5,0022 0
5,0022 0
5,0022 0
5,0022 0
5,0022 0
5,0022 0

5,0018 0
5,0018 0
5,0018 0
5,0018 0
5,0018 0
5,0018 0
5,0018 0

5,0018 0
5,0018 0
5,0018 0
5,0018 0
5,0018 0
5,0018 0
5,0018 0

5,0016 0
5,0016 0
5,0016 0
5,0016 0
5,0016 0
5,0016 0
5,0016 0

5,102 0
5,102 0
5,102 0
5,102 0
5,102 0
5,102 0
5,102 0

15,0014 0
15,0014 0
15,0014 0
15,0014 0
15,0014 0
15,0014 0
15,0014 0

5,0026 0
5,0026 0
5,0026 0
5,0026 0
5,0026 0
5,0026 0
5,0026 0

10,002 0
10,002 0
10,002 0
10,002 0
10,002 0
10,002 0
10,002 0

0,0022 0
0,0022 0
0,0022 0
0,0022 0
0,0022 0
0,0022 0
0,0022 0

10,0512 0
10,0512 0
10,0512 0
10,0512 0
10,0512 0
10,0512 0
10,0512 0

0,002 0
0,002 0
0,002 0
0,002 0
0,002 0
0,002 0
0,002 0

5,0012 0
5,0012 0
5,0012 0
5,0012 0
5,0012 0
5,0012 0
5,0012 0

0,002 0
0,002 0
0,002 0
0,002 0
0,002 0
0,002 0
0,002 0

5,0022 0
5,0022 0
5,0022 0
5,0022 0
5,0022 0
5,0022 0
5,0022 0

5,002 0
5,002 0
5,002 0
5,002 0
5,002 0
5,002 0
5,002 0

5,0016 0
5,0016 0
5,0016 0
5,0016 0
5,0016 0
5,0016 0
5,0016 0

0,002 0
0,002 0
0,002 0
0,002 0
0,002 0
0,002 0
0,002 0

10,002 0
10,002 0
10,002 0
10,002 0
10,002 0
10,002 0
10,002 0

0,052 0
0,052 0
0,052 0
0,052 0
0,052 0
0,052 0
0,052 0

10,0516 0
10,0516 0
10,0516 0
10,0516 0
10,0516 0
10,0516 0
10,0516 0

0,002 0
0,002 0
0,002 0
0,002 0
0,002 0
0,002 0
0,002 0

5,1014 0
5,1014 0
5,1014 0
5,1014 0
5,1014 0
5,1014 0
5,1014 0

0,0022 0
0,0022 0
0,0022 0
0,0022 0
0,0022 0
0,0022 0
0,0022 0

5,052 0
5,052 0
5,052 0
5,052 0
5,052 0
5,052 0
5,052 0

10,1024 0
10,1024 0
10,1024 0
10,1024 0
10,1024 0
10,1024 0
10,1024 0

5,0518 0
5,0518 0
5,0518 0
5,0518 0
5,0518 0
5,0518 0
5,0518 0

5,1022 0
5,1022 0
5,1022 0
5,1022 0
5,1022 0
5,1022 0
5,1022 0

5,0512 0
5,0512 0
5,0512 0
5,0512 0
5,0512 0
5,0512 0
5,0512 0

10,002 0
10,002 0
10,002 0
10,002 0
10,002 0
10,002 0
10,002 0

0,0012 0
0,0012 0
0,0012 0
0,0012 0
0,0012 0
0,0012 0
0,0012 0

10,0018 0
10,0018 0
10,0018 0
10,0018 0
10,0018 0
10,0018 0
10,0018 0

0,0016 0
0,0016 0
0,0016 0
0,0016 0
0,0016 0
0,0016 0
0,0016 0

10,0518 0
10,0518 0
10,0518 0
10,0518 0
10,0518 0
10,0518 0
10,0518 0

5,002 0
5,002 0
5,002 0
5,002 0
5,002 0
5,002 0
5,002 0

0,0526 0
0,0526 0
0,0526 0
0,0526 0
0,0526 0
0,0526 0
0,0526 0

5,0524 0
5,0524 0
5,0524 0
5,0524 0
5,0524 0
5,0524 0
5,0524 0

5,1016 0
5,1016 0
5,1016 0
5,1016 0
5,1016 0
5,1016 0
5,1016 0

5,0518 0
5,0518 0
5,0518 0
5,0518 0
5,0518 0
5,0518 0
5,0518 0

5,0514 0
5,0514 0
5,0514 0
5,0514 0
5,0514 0
5,0514 0
5,0514 0

5,0516 0
5,0516 0
5,0516 0
5,0516 0
5,0516 0
5,0516 0
5,0516 0

5,0514 0
5,0514 0
5,0514 0
5,0514 0
5,0514 0
5,0514 0
5,0514 0

0,052 0
0,052 0
0,052 0
0,052 0
0,052 0
0,052 0
0,052 0

10,0518 0
10,0518 0
10,0518 0
10,0518 0
10,0518 0
10,0518 0
10,0518 0

0,051 0
0,051 0
0,051 0
0,051 0
0,051 0
0,051 0
0,051 0

10,0022 0
10,0022 0
10,0022 0
10,0022 0
10,0022 0
10,0022 0
10,0022 0

0,0522 0
0,0522 0
0,0522 0
0,0522 0
0,0522 0
0,0522 0
0,0522 0

5,0016 0
5,0016 0
5,0016 0
5,0016 0
5,0016 0
5,0016 0
5,0016 0

5,051 0
5,051 0
5,051 0
5,051 0
5,051 0
5,051 0
5,051 0

5,0514 0
5,0514 0
5,0514 0
5,0514 0
5,0514 0
5,0514 0
5,0514 0

0,051 0
0,051 0
0,051 0
0,051 0
0,051 0
0,051 0
0,051 0

5,002 0
5,002 0
5,002 0
5,002 0
5,002 0
5,002 0
5,002 0

0,1014 0
0,1014 0
0,1014 0
0,1014 0
0,1014 0
0,1014 0
0,1014 0

5,052 0
5,052 0
5,052 0
5,052 0
5,052 0
5,052 0
5,052 0

0,1014 0
0,1014 0
0,1014 0
0,1014 0
0,1014 0
0,1014 0
0,1014 0

10,002 0
10,002 0
10,002 0
10,002 0
10,002 0
10,002 0
10,002 0

10,0514 0
10,0514 0
10,0514 0
10,0514 0
10,0514 0
10,0514 0
10,0514 0

10,0534 0
10,0534 0
10,0534 0
10,0534 0
10,0534 0
10,0534 0
10,0534 0

5,051 0
5,051 0
5,051 0
5,051 0
5,051 0
5,051 0
5,051 0

0,053 0
0,053 0
0,053 0
0,053 0
0,053 0
0,053 0
0,053 0

5,0518 0
5,0518 0
5,0518 0
5,0518 0
5,0518 0
5,0518 0
5,0518 0

5,0014 0
5,0014 0
5,0014 0
5,0014 0
5,0014 0
5,0014 0
5,0014 0

5,0016 0
5,0016 0
5,0016 0
5,0016 0
5,0016 0
5,0016 0
5,0016 0

5,0022 0
5,0022 0
5,0022 0
5,0022 0
5,0022 0
5,0022 0
5,0022 0

10,0008 0
10,0008 0
10,0008 0
10,0008 0
10,0008 0
10,0008 0
10,0008 0

0,0022 0
0,0022 0
0,0022 0
0,0022 0
0,0022 0
0,0022 0
0,0022 0

0,052 0
0,052 0
0,052 0
0,052 0
0,052 0
0,052 0
0,052 0

0,053 0
0,053 0
0,053 0
0,053 0
0,053 0
0,053 0
0,053 0

5,052 0
5,052 0
5,052 0
5,052 0
5,052 0
5,052 0
5,052 0

5,0014 0
5,0014 0
5,0014 0
5,0014 0
5,0014 0
5,0014 0
5,0014 0

5,0524 0
5,0524 0
5,0524 0
5,0524 0
5,0524 0
5,0524 0
5,0524 0

5,0024 0
5,0024 0
5,0024 0
5,0024 0
5,0024 0
5,0024 0
5,0024 0

10,052 0
10,052 0
10,052 0
10,052 0
10,052 0
10,052 0
10,052 0

5,002 0
5,002 0
5,002 0
5,002 0
5,002 0
5,002 0
5,002 0

5,052 0
5,052 0
5,052 0
5,052 0
5,052 0
5,052 0
5,052 0

0,0016 0
0,0016 0
0,0016 0
0,0016 0
0,0016 0
0,0016 0
0,0016 0

10,0522 0
10,0522 0
10,0522 0
10,0522 0
10,0522 0
10,0522 0
10,0522 0

5,051 0
5,051 0
5,051 0
5,051 0
5,051 0
5,051 0
5,051 0

10,1026 0
10,1026 0
10,1026 0
10,1026 0
10,1026 0
10,1026 0
10,1026 0

5,0516 0
5,0516 0
5,0516 0
5,0516 0
5,0516 0
5,0516 0
5,0516 0

5,0516 0
5,0516 0
5,0516 0
5,0516 0
5,0516 0
5,0516 0
5,0516 0

5,0016 0
5,0016 0
5,0016 0
5,0016 0
5,0016 0
5,0016 0
5,0016 0

5,0522 0
5,0522 0
5,0522 0
5,0522 0
5,0522 0
5,0522 0
5,0522 0

5,0024 0
5,0024 0
5,0024 0
5,0024 0
5,0024 0
5,0024 0
5,0024 0

10,0518 0
10,0518 0
10,0518 0
10,0518 0
10,0518 0
10,0518 0
10,0518 0

0,0024 0
0,0024 0
0,0024 0
0,0024 0
0,0024 0
0,0024 0
0,0024 0

10,003 0
10,003 0
10,003 0
10,003 0
10,003 0
10,003 0
10,003 0

15,0526 0
15,0526 0
15,0526 0
15,0526 0
15,0526 0
15,0526 0
15,0526 0

15,0018 0
15,0018 0
15,0018 0
15,0018 0
15,0018 0
15,0018 0
15,0018 0

10,1036 0
10,1036 0
10,1036 0
10,1036 0
10,1036 0
10,1036 0
10,1036 0

15,0522 0
15,0522 0
15,0522 0
15,0522 0
15,0522 0
15,0522 0
15,0522 0

15,1036 0
15,1036 0
15,1036 0
15,1036 0
15,1036 0
15,1036 0
15,1036 0

10,0518 0
10,0518 0
10,0518 0
10,0518 0
10,0518 0
10,0518 0
10,0518 0

5,0018 0
5,0018 0
5,0018 0
5,0018 0
5,0018 0
5,0018 0
5,0018 0

10,0514 0
10,0514 0
10,0514 0
10,0514 0
10,0514 0
10,0514 0
10,0514 0

10,051 0
10,051 0
10,051 0
10,051 0
10,051 0
10,051 0
10,051 0

10,0506 0
10,0506 0
10,0506 0
10,0506 0
10,0506 0
10,0506 0
10,0506 0

0,0516 0
0,0516 0
0,0516 0
0,0516 0
0,0516 0
0,0516 0
0,0516 0

5,0518 0
5,0518 0
5,0518 0
5,0518 0
5,0518 0
5,0518 0
5,0518 0

0,0522 0
0,0522 0
0,0522 0
0,0522 0
0,0522 0
0,0522 0
0,0522 0

5,0514 0
5,0514 0
5,0514 0
5,0514 0
5,0514 0
5,0514 0
5,0514 0

0,0032 0
0,0032 0
0,0032 0
0,0032 0
0,0032 0
0,0032 0
0,0032 0

10,0506 0
10,0506 0
10,0506 0
10,0506 0
10,0506 0
10,0506 0
10,0506 0

5,0028 0
5,0028 0
5,0028 0
5,0028 0
5,0028 0
5,0028 0
5,0028 0

10,0512 0
10,0512 0
10,0512 0
10,0512 0
10,0512 0
10,0512 0
10,0512 0

5,0026 0
5,0026 0
5,0026 0
5,0026 0
5,0026 0
5,0026 0
5,0026 0

10,0514 0
10,0514 0
10,0514 0
10,0514 0
10,0514 0
10,0514 0
10,0514 0

0,052 0
0,052 0
0,052 0
0,052 0
0,052 0
0,052 0
0,052 0

10,0518 0
10,0518 0
10,0518 0
10,0518 0
10,0518 0
10,0518 0
10,0518 0

0,0514 0
0,0514 0
0,0514 0
0,0514 0
0,0514 0
0,0514 0
0,0514 0

5,051 0
5,051 0
5,051 0
5,051 0
5,051 0
5,051 0
5,051 0

0,0018 0
0,0018 0
0,0018 0
0,0018 0
0,0018 0
0,0018 0
0,0018 0

5,052 0
5,052 0
5,052 0
5,052 0
5,052 0
5,052 0
5,052 0

5,0022 0
5,0022 0
5,0022 0
5,0022 0
5,0022 0
5,0022 0
5,0022 0

0,1028 0
0,1028 0
0,1028 0
0,1028 0
0,1028 0
0,1028 0
0,1028 0

0,003 0
0,003 0
0,003 0
0,003 0
0,003 0
0,003 0
0,003 0

0,1024 0
0,1024 0
0,1024 0
0,1024 0
0,1024 0
0,1024 0
0,1024 0

0,0516 0
0,0516 0
0,0516 0
0,0516 0
0,0516 0
0,0516 0
0,0516 0

10,103 0
10,103 0
10,103 0
10,103 0
10,103 0
10,103 0
10,103 0

5,0522 0
5,0522 0
5,0522 0
5,0522 0
5,0522 0
5,0522 0
5,0522 0

10,1032 0
10,1032 0
10,1032 0
10,1032 0
10,1032 0
10,1032 0
10,1032 0

0,1046 0
0,1046 0
0,1046 0
0,1046 0
0,1046 0
0,1046 0
0,1046 0

10,053 0
10,053 0
10,053 0
10,053 0
10,053 0
10,053 0
10,053 0

5,0548 0
5,0548 0
5,0548 0
5,0548 0
5,0548 0
5,0548 0
5,0548 0

10,053 0
10,053 0
10,053 0
10,053 0
10,053 0
10,053 0
10,053 0

10,0548 0
10,0548 0
10,0548 0
10,0548 0
10,0548 0
10,0548 0
10,0548 0

15,053 0
15,053 0
15,053 0
15,053 0
15,053 0
15,053 0
15,053 0

10,0544 0
10,0544 0
10,0544 0
10,0544 0
10,0544 0
10,0544 0
10,0544 0

15,0532 0
15,0532 0
15,0532 0
15,0532 0
15,0532 0
15,0532 0
15,0532 0

5,0542 0
5,0542 0
5,0542 0
5,0542 0
5,0542 0
5,0542 0
5,0542 0

15,1032 0
15,1032 0
15,1032 0
15,1032 0
15,1032 0
15,1032 0
15,1032 0

5,0544 0
5,0544 0
5,0544 0
5,0544 0
5,0544 0
5,0544 0
5,0544 0

15,053 0
15,053 0
15,053 0
15,053 0
15,053 0
15,053 0
15,053 0

0,0548 0
0,0548 0
0,0548 0
0,0548 0
0,0548 0
0,0548 0
0,0548 0

15,054 0
15,054 0
15,054 0
15,054 0
15,054 0
15,054 0
15,054 0

5,0548 0
5,0548 0
5,0548 0
5,0548 0
5,0548 0
5,0548 0
5,0548 0

15,0536 0
15,0536 0
15,0536 0
15,0536 0
15,0536 0
15,0536 0
15,0536 0

10,0548 0
10,0548 0
10,0548 0
10,0548 0
10,0548 0
10,0548 0
10,0548 0

15,0534 0
15,0534 0
15,0534 0
15,0534 0
15,0534 0
15,0534 0
15,0534 0

0,0546 0
0,0546 0
0,0546 0
0,0546 0
0,0546 0
0,0546 0
0,0546 0

15,0532 0
15,0532 0
15,0532 0
15,0532 0
15,0532 0
15,0532 0
15,0532 0

0,1048 0
0,1048 0
0,1048 0
0,1048 0
0,1048 0
0,1048 0
0,1048 0

15,0532 0
15,0532 0
15,0532 0
15,0532 0
15,0532 0
15,0532 0
15,0532 0

5,1048 0
5,1048 0
5,1048 0
5,1048 0
5,1048 0
5,1048 0
5,1048 0

15,0532 0
15,0532 0
15,0532 0
15,0532 0
15,0532 0
15,0532 0
15,0532 0

5,0552 0
5,0552 0
5,0552 0
5,0552 0
5,0552 0
5,0552 0
5,0552 0

15,0532 0
15,0532 0
15,0532 0
15,0532 0
15,0532 0
15,0532 0
15,0532 0

0,055 0
0,055 0
0,055 0
0,055 0
0,055 0
0,055 0
0,055 0

15,0536 0
15,0536 0
15,0536 0
15,0536 0
15,0536 0
15,0536 0
15,0536 0

0,0554 0
0,0554 0
0,0554 0
0,0554 0
0,0554 0
0,0554 0
0,0554 0

15,1034 0
15,1034 0
15,1034 0
15,1034 0
15,1034 0
15,1034 0
15,1034 0

0,0554 0
0,0554 0
0,0554 0
0,0554 0
0,0554 0
0,0554 0
0,0554 0

15,1034 0
15,1034 0
15,1034 0
15,1034 0
15,1034 0
15,1034 0
15,1034 0

0,055 0
0,055 0
0,055 0
0,055 0
0,055 0
0,055 0
0,055 0

15,0532 0
15,0532 0
15,0532 0
15,0532 0
15,0532 0
15,0532 0
15,0532 0
